0.054000  0.318000  0.566000  0.062000 
0.024000  0.646000  0.024000  0.306000 
0.068000  0.042000  0.792000  0.098000 
0.042000  0.790000  0.062000  0.106000 
0.000000  0.994000  0.000000  0.006000 
0.262000  0.666000  0.046000  0.026000 
0.004000  0.618000  0.002000  0.376000 
0.000000  0.998000  0.002000  0.000000 
0.032000  0.064000  0.008000  0.896000 
0.266000  0.090000  0.564000  0.080000 
0.020000  0.344000  0.620000  0.016000 
0.080000  0.194000  0.044000  0.682000 
0.010000  0.002000  0.976000  0.012000 
0.026000  0.066000  0.840000  0.068000 
0.126000  0.594000  0.074000  0.206000 
