0.40481 0.0541082 0.44489 0.0961924
0.0380762 0.358717 0.52505 0.0781563
0.0340681 0.432866 0.0200401 0.513026
0.0881764 0.00400802 0.829659 0.0781563
0.0961924 0.821643 0.0200401 0.0621242
0.00200401 0.971944 0.00200401 0.0240481
0.460922 0.488978 0.0160321 0.0340681
0.00801603 0.498998 0.00400802 0.488978
0.00200401 0.993988 0 0.00400802
0.0480962 0.0621242 0.0180361 0.871743
0.342685 0.0601202 0.446894 0.150301
0.0280561 0.302605 0.651303 0.0180361
0.0761523 0.0761523 0.012024 0.835671
0.00400802 0.00400802 0.98998 0.00200401
0.0721443 0.0541082 0.797595 0.0761523
