0.187088 0.357049 0.123408 0.332455
0.44664 0.195872 0.145367 0.212121
0.226175 0.125165 0.0904699 0.558191
0.118577 0.112868 0.439174 0.329381
0.209486 0.299078 0.23408 0.257356
0.0215195 0.94159 0 0.0368906
0 0.924462 0 0.075538
0.776021 0.0289855 0.010101 0.184892
0.519982 0 0.0320597 0.447958
0.977602 0 0.00702679 0.0153711
0.259113 0.0527009 0.00702679 0.681159
0.899429 0.00527009 0.0223979 0.0729029
0.637681 0.00439174 0.0382082 0.319719
0.0298639 0 0.970136 0
0.00658762 0.00307422 0.990338 0
0.267018 0.379447 0.193676 0.159859
0.594203 0.221344 0.10101 0.0834431
0.570487 0.078173 0.20202 0.149319
