0.202526 0.295394 0.274889 0.227192
0.206984 0.278603 0.282021 0.232392
0.258247 0.203418 0.284844 0.253492
0.22734 0.0796434 0.546805 0.146211
0.125111 0.0375929 0.830609 0.00668648
0.0282318 0.0728083 0.0267459 0.872214
0.00193165 0.989896 0.0063893 0.00178306
0.985884 0.00505201 0.00653789 0.002526
0.00163447 0.961516 0.00950966 0.0273403
0.0717682 0.00430906 0.92214 0.00178306
0.00936107 0.010104 0.00846954 0.972065
0.00208024 0.00282318 0.991976 0.00312036
0.399851 0.0686478 0.444577 0.0869242
0.0473997 0.448143 0.182021 0.322437
0.177117 0.388856 0.189302 0.244725
0.26627 0.281724 0.231055 0.220951
